       0      10
       1       1       1
      55      10      10
       2       1       2
       4       1       3
       7       1       4
      11       1       5
      54       9      10
       3       2       2
      45       9       9
       5       2       3
       8       2       4
      12       2       5
      53       8      10
      44       8       9
       6       3       3
      36       8       8
       9       3       4
      13       3       5
      52       7      10
      43       7       9
      35       7       8
      10       4       4
      28       7       7
      14       4       5
      51       6      10
      42       6       9
      34       6       8
      27       6       7
      15       5       5
      21       6       6
      50       5      10
      41       5       9
      33       5       8
      26       5       7
      20       5       6
      49       4      10
      40       4       9
      32       4       8
      25       4       7
      19       4       6
      48       3      10
      39       3       9
      31       3       8
      24       3       7
      18       3       6
      47       2      10
      38       2       9
      30       2       8
      23       2       7
      17       2       6
      46       1      10
      37       1       9
      29       1       8
      22       1       7
      16       1       6
